cpn:6
order:4
close(0):0
kont:0,0,0,0,0.376136,0.702327,1,1,1,1,
cpts&crads(P,R):
-22.9284	0	33.7624	-18.8402
-22.9282	0	33.7621	-18.84
-22.9279	0	33.7616	-18.8397
-22.9276	0	33.7607	-18.839
-22.9271	0	33.7603	-18.8387
-22.9271	0	33.76	-18.8385
centercurve:
-22.9284	0	33.7624	-18.8402
-22.9282	0	33.7621	-18.84
-22.9279	0	33.7616	-18.8397
-22.9276	0	33.7607	-18.839
-22.9271	0	33.7603	-18.8387
-22.9271	0	33.76	-18.8385
centercurve kont vector:0,0,0,0,0.376136,0.702327,1,1,1,1,
radCurve number:
-18.8402
-18.84
-18.8397
-18.839
-18.8387
-18.8385
radCurve kont vector:0,0,0,0,0.376136,0.702327,1,1,1,1,