Me(单元质量矩阵):
Row:16
Column:16
0.142857	0	0	0	0.0714286	0	0	0	0.0285714	0	0	0	0.00714286	0	0	0	
0	0.142857	0	0	0	0.0714286	0	0	0	0.0285714	0	0	0	0.00714286	0	0	
0	0	0.142857	0	0	0	0.0714286	0	0	0	0.0285714	0	0	0	0.00714286	0	
0	0	0	0.142857	0	0	0	0.0714286	0	0	0	0.0285714	0	0	0	0.00714286	
0.0714286	0	0	0	0.0857143	0	0	0	0.0642857	0	0	0	0.0285714	0	0	0	
0	0.0714286	0	0	0	0.0857143	0	0	0	0.0642857	0	0	0	0.0285714	0	0	
0	0	0.0714286	0	0	0	0.0857143	0	0	0	0.0642857	0	0	0	0.0285714	0	
0	0	0	0.0714286	0	0	0	0.0857143	0	0	0	0.0642857	0	0	0	0.0285714	
0.0285714	0	0	0	0.0642857	0	0	0	0.0857143	0	0	0	0.0714286	0	0	0	
0	0.0285714	0	0	0	0.0642857	0	0	0	0.0857143	0	0	0	0.0714286	0	0	
0	0	0.0285714	0	0	0	0.0642857	0	0	0	0.0857143	0	0	0	0.0714286	0	
0	0	0	0.0285714	0	0	0	0.0642857	0	0	0	0.0857143	0	0	0	0.0714286	
0.00714286	0	0	0	0.0285714	0	0	0	0.0714286	0	0	0	0.142857	0	0	0	
0	0.00714286	0	0	0	0.0285714	0	0	0	0.0714286	0	0	0	0.142857	0	0	
0	0	0.00714286	0	0	0	0.0285714	0	0	0	0.0714286	0	0	0	0.142857	0	
0	0	0	0.00714286	0	0	0	0.0285714	0	0	0	0.0714286	0	0	0	0.142857	
De(单元阻尼矩阵):
Row:16
Column:16
0.142857	0	0	0	0.0714286	0	0	0	0.0285714	0	0	0	0.00714286	0	0	0	
0	0.142857	0	0	0	0.0714286	0	0	0	0.0285714	0	0	0	0.00714286	0	0	
0	0	0.142857	0	0	0	0.0714286	0	0	0	0.0285714	0	0	0	0.00714286	0	
0	0	0	0.142857	0	0	0	0.0714286	0	0	0	0.0285714	0	0	0	0.00714286	
0.0714286	0	0	0	0.0857143	0	0	0	0.0642857	0	0	0	0.0285714	0	0	0	
0	0.0714286	0	0	0	0.0857143	0	0	0	0.0642857	0	0	0	0.0285714	0	0	
0	0	0.0714286	0	0	0	0.0857143	0	0	0	0.0642857	0	0	0	0.0285714	0	
0	0	0	0.0714286	0	0	0	0.0857143	0	0	0	0.0642857	0	0	0	0.0285714	
0.0285714	0	0	0	0.0642857	0	0	0	0.0857143	0	0	0	0.0714286	0	0	0	
0	0.0285714	0	0	0	0.0642857	0	0	0	0.0857143	0	0	0	0.0714286	0	0	
0	0	0.0285714	0	0	0	0.0642857	0	0	0	0.0857143	0	0	0	0.0714286	0	
0	0	0	0.0285714	0	0	0	0.0642857	0	0	0	0.0857143	0	0	0	0.0714286	
0.00714286	0	0	0	0.0285714	0	0	0	0.0714286	0	0	0	0.142857	0	0	0	
0	0.00714286	0	0	0	0.0285714	0	0	0	0.0714286	0	0	0	0.142857	0	0	
0	0	0.00714286	0	0	0	0.0285714	0	0	0	0.0714286	0	0	0	0.142857	0	
0	0	0	0.00714286	0	0	0	0.0285714	0	0	0	0.0714286	0	0	0	0.142857	
Ke(单元刚度矩阵):
Row:16
Column:16
12	0	0	0	-18	0	0	0	5.10703e-015	0	0	0	6	0	0	0	
0	12	0	0	0	-18	0	0	0	5.10703e-015	0	0	0	6	0	0	
0	0	12	0	0	0	-18	0	0	0	5.10703e-015	0	0	0	6	0	
0	0	0	12	0	0	0	-18	0	0	0	5.10703e-015	0	0	0	6	
-18	0	0	0	36	0	0	0	-18	0	0	0	5.32907e-015	0	0	0	
0	-18	0	0	0	36	0	0	0	-18	0	0	0	5.32907e-015	0	0	
0	0	-18	0	0	0	36	0	0	0	-18	0	0	0	5.32907e-015	0	
0	0	0	-18	0	0	0	36	0	0	0	-18	0	0	0	5.32907e-015	
5.10703e-015	0	0	0	-18	0	0	0	36	0	0	0	-18	0	0	0	
0	5.10703e-015	0	0	0	-18	0	0	0	36	0	0	0	-18	0	0	
0	0	5.10703e-015	0	0	0	-18	0	0	0	36	0	0	0	-18	0	
0	0	0	5.10703e-015	0	0	0	-18	0	0	0	36	0	0	0	-18	
6	0	0	0	5.32907e-015	0	0	0	-18	0	0	0	12	0	0	0	
0	6	0	0	0	5.32907e-015	0	0	0	-18	0	0	0	12	0	0	
0	0	6	0	0	0	5.32907e-015	0	0	0	-18	0	0	0	12	0	
0	0	0	6	0	0	0	5.32907e-015	0	0	0	-18	0	0	0	12	
