cpn:8
order:4
close(0):0
kont:0,0,0,0,0.00125126,0.563585,0.193304,0.808741,1,1,1,1,
cpts&crads(P,R):
8	0	-10	2
7.98156	0	-10.0031	2.00092
-0.315844	0	-11.361	2.41579
-1.55584	0	-8.85672	2.47779
-4.44963	0	1.06561	2.62248
-4.43647	0	8.22187	2.62182
5.18065	0	10.4674	2.14097
8	0	10	2
centercurve:
8	0	-10	2
7.98156	0	-10.0031	2.00092
-0.315844	0	-11.361	2.41579
-1.55584	0	-8.85672	2.47779
-4.44963	0	1.06561	2.62248
-4.43647	0	8.22187	2.62182
5.18065	0	10.4674	2.14097
8	0	10	2
centercurve kont vector:0,0,0,0,0.00125126,0.563585,0.193304,0.808741,1,1,1,1,
radCurve number:
2
2.00092
2.41579
2.47779
2.62248
2.62182
2.14097
2
radCurve kont vector:0,0,0,0,0.00125126,0.563585,0.193304,0.808741,1,1,1,1,